-1.000000000000000000e+00 -1.333939107424468196e+00
-9.595959595959595578e-01 -2.309195951651346501e+00
-9.191919191919192267e-01 -2.033499840564463756e+00
-8.787878787878787845e-01 -1.298408029809190012e+00
-8.383838383838383423e-01 -2.977312921366209175e-01
-7.979797979797980112e-01 5.175698283271866762e-01
-7.575757575757575690e-01 6.720977469830912154e-01
-7.171717171717171269e-01 7.503283802616580456e-01
-6.767676767676766847e-01 5.528970494568796745e-01
-6.363636363636363535e-01 9.458668479397437379e-01
-5.959595959595959114e-01 8.854375179229490023e-01
-5.555555555555555802e-01 1.335027655832223825e+00
-5.151515151515151381e-01 1.383033690042368313e+00
-4.747474747474746959e-01 9.398086618440015805e-01
-4.343434343434342537e-01 3.865536029118988859e-01
-3.939393939393939226e-01 -1.218158115455215823e-01
-3.535353535353534804e-01 -4.663801501921490678e-01
-3.131313131313130382e-01 -5.987115808462989408e-01
-2.727272727272727071e-01 -8.526664000614393446e-01
-2.323232323232322649e-01 -8.768652366328208991e-01
-1.919191919191918227e-01 -9.805938362307666800e-01
-1.515151515151514916e-01 -1.084435426843961547e+00
-1.111111111111110494e-01 -9.000410729460789350e-01
-7.070707070707060726e-02 -5.902583177439099105e-01
-3.030303030303027612e-02 -1.870367345717111052e-01
1.010101010101016605e-02 7.782663361648901879e-02
5.050505050505060822e-02 3.335722088319224565e-01
9.090909090909105039e-02 7.328306593134539249e-01
1.313131313131314926e-01 1.067057370034973252e+00
1.717171717171717127e-01 8.868040424589301862e-01
2.121212121212121549e-01 8.431822121595933250e-01
2.525252525252525970e-01 8.846348364490141947e-01
2.929292929292930392e-01 6.425625995137512758e-01
3.333333333333334814e-01 6.011996291099318546e-01
3.737373737373739235e-01 2.241953757760503652e-01
4.141414141414143657e-01 -5.978351574318243461e-02
4.545454545454545858e-01 -5.298710356899341001e-01
4.949494949494950280e-01 -8.108102211750124466e-01
5.353535353535354702e-01 -1.088033776810801712e+00
5.757575757575759123e-01 -8.611282205626120678e-01
6.161616161616163545e-01 -2.475057066294774899e-01
6.565656565656567967e-01 -4.342807452667151180e-01
6.969696969696970168e-01 -3.205941916113544954e-01
7.373737373737374590e-01 -5.514078313375284646e-01
7.777777777777779011e-01 -6.193663230972906719e-01
8.181818181818183433e-01 -2.050497155136725980e-01
8.585858585858587855e-01 4.147845713002594192e-01
8.989898989898992276e-01 1.268689090957314081e+00
9.393939393939394478e-01 1.455338913642400200e+00
9.797979797979798899e-01 1.163448295594178061e+00
